396, 1867
1749
466, 675, 1661
3, 328, 1160
4, 953
1922
0, 1273
7, 959
1, 96, 274
9, 1036
2, 1783
879
382, 1390
1214, 1473
434, 508, 1470
324, 747
195, 894
536
1024, 1198
1616
797
885
1001
569, 1496
392
32
820
655
1044
307, 675, 1518
1547, 1775, 1885
237
25, 1736
390
279, 1423
1367, 1761
154, 353, 1047
1512
1618, 1665
1004
276, 335
315
340, 901, 954
415, 652
550
145, 1352
1653
711
274, 1155
1960
263, 372, 395
51, 327, 1530
1506, 1875
53, 213, 1872
270
997
1649
789
98, 826, 1548
1918
447
448
966, 1152, 1895
883
1320, 1656
417, 1263
750, 1708
1198, 1324, 1929
1932
765
221, 624, 1745
599, 1120
106, 485, 986
765, 1008, 1822
464
1856
798, 1575
122, 706, 1720
236, 583, 1505
711, 1480, 1809
1379, 1705
315, 984, 1440
758
779, 1768
100, 1427
178
490
982, 1978
1329, 1485, 1845
327, 963
1740
242
351, 1290
172, 1052
1333, 1598, 1856
567
8, 732
97
58, 1219, 1330
231, 544, 848, 1923
84
1438
705
508, 677
104
519
72
107, 1169
277
1746
686
115, 903, 915
493
113
1217, 1437
111
535, 1701
117, 910
192, 982
119, 1274
1800
970
77, 1208
1073, 1984
530, 600, 1254
125
166
563, 607, 1389
260, 1160
683, 977, 1366
981
1113, 1209, 1461
411
794, 1478
134, 419
755
507
855
1434
1623, 1989
796, 1133, 1414
476
385, 1708
932, 1616
1014
45
146, 369, 489
1901
676
188, 377
318, 1128
549, 1478
641, 1090
1770
36, 585
1450
197, 1764
157
158
1951
1420, 1782
1587, 1990
1158, 1927
372, 1653, 1796
1916
1653, 1864
126, 166, 1497
167, 679
308, 1176
378, 475, 921, 1057
651, 1175
1275
93, 172
1763
174, 1318
243, 866, 1053, 1495
1212
949
85, 882
1427, 1704
1802
1362
764, 793
1076
184, 969, 1250, 1581
227, 833, 1835
568, 1378
1142
149
873
1650
1101, 1131, 1313
118, 244, 278, 1025, 1232, 1554
193, 570
772, 1595
16
1173
156, 925, 1880
320, 1489, 1675