396, 1867
1749
466, 675, 1661
3, 328, 1160
4, 953
1922
1273
7, 959
96, 274
9, 1036
1783
879
382, 1390
1214, 1473
434, 508, 1470
324, 747
195, 894
536
1024, 1198
1616
797
885
1001
569, 1496
392
32
820
655
1044
307, 675, 1518
1547, 1775, 1885
237
25, 1736
390
279, 1423
1367, 1761
154, 353, 1047
1512
1618, 1665
1004
276, 335
315
340, 901, 954
415, 652
550
145, 1352
1653
711
274, 1155
1960
263, 372, 395
51, 327, 1530
1506, 1875
53, 213, 1872
270
997
1649
789
98, 826, 1548
1918
447
448
966, 1152, 1895
883
1320, 1656
417, 1263
750, 1708
1198, 1324, 1929
1932
765
221, 624, 1745
599, 1120
106, 485, 986
765, 1008, 1822
464
1856
798, 1575
122, 706, 1720
236, 583, 1505
711, 1480, 1809
1379, 1705
315, 984, 1440
758
779, 1768
100, 1427
178
490
982, 1978
1329, 1485, 1845
327, 963
1740
242
351, 1290
172, 1052
1333, 1598, 1856
567
8, 732
97
58, 1219, 1330
231, 544, 848, 1923
84
1438
705
508, 677
104
519
72
107, 1169
277
1746
686
115, 903, 915
493
113
1217, 1437
111
535, 1701
117, 910
192, 982
119, 1274
1800
970
77, 1208
1073, 1984
530, 600, 1254
125
166
563, 607, 1389
260, 1160
683, 977, 1366
981
1113, 1209, 1461
411
794, 1478
134, 419
755
507
855
1434
1623, 1989
796, 1133, 1414
476
385, 1708
932, 1616
1014
45
146, 369, 489
1901
676
188, 377
318, 1128
549, 1478
641, 1090
1770
36, 585
1450
197, 1764
157
158
1951
1420, 1782
1587, 1990
1158, 1927
372, 1653, 1796
1916
1653, 1864
126, 166, 1497
167, 679
308, 1176
378, 475, 921, 1057
651, 1175
1275
93, 172
1763
174, 1318
243, 866, 1053, 1495
1212
949
85, 882
1427, 1704
1802
1362
764, 793
1076
184, 969, 1250, 1581
227, 833, 1835
568, 1378
1142
149
873
1650
1101, 1131, 1313
118, 244, 278, 1025, 1232, 1554
193, 570
772, 1595
16
1173
156, 925, 1880
320, 1489, 1675
199
342, 875, 1787
415
1472, 1846
360, 1187
558
1026
795, 1405
207, 658
780, 1587
661
367, 1620
1473, 1783
656
53, 724, 1017
1282, 1735
1564
1784
824
218, 1238
675, 1096
1154
70, 1743
922, 1268
1646
850
1072
582
185, 499
465
712, 1767
1259, 1916
99
1024, 1850
1443
397, 708, 1296
967, 1179
78, 1380, 1826
31, 287, 659
238
557
1753
363, 731
91, 1713
175
192, 721, 820, 1277, 1785
961
1509, 1986
1781
1381
879
391, 1268, 1799
326, 771
806, 1371, 1818
846
1414
1098, 1379, 1724
1078
705, 1078
1264, 1865
524, 1140
128, 1270, 1559
1125, 1306, 1541
1199, 1981
50
264
1123, 1453
774, 833, 1694, 1797
1562, 1574
425, 1611
595, 851, 1873
54, 1410, 1828
325, 1866
294
480
8, 48, 1012
1299
40, 1767
108, 1539
192, 1660
34, 1157, 1375
1654
627
288, 340
1323, 1618
284
1110
550, 756, 863, 1735
237, 1615, 1847
282, 1347, 1782
720, 1006, 1260
1272
1891
292, 1215, 1549
825
272, 484, 1789
818
974, 1870
551, 859
298, 1087
299, 1946
300, 1002, 1029, 1848
733, 1768
1156
1366
1632
1610
1292
29
168, 822
309, 636, 997
344, 836
311, 471
1498
738, 1221
1018
41, 81, 935, 1552
325, 1189
595
150, 481, 1859, 1949
1912
198, 1046, 1311
824, 1590
393
634
15, 1385
271, 316, 1090
251, 503
51, 89, 1186, 1617, 1696, 1869
3, 665
544, 1816
425
1214
332, 418, 758
333
1536
40, 963
359, 690, 1613
667, 1004, 1532, 1900
338, 1970
1077
42, 282, 1421
341, 616
200, 1514
368, 1273, 1570
310, 473
1031
1455
1701
729, 1342
1517
1918
92, 1235
1406
36
744
494
424, 1960
1827
612, 781, 1245, 1303, 1455
336, 993, 1193, 1693
203, 1937
1791, 1795
873
241, 1802
670
959, 1085, 1432
689
210, 1040
343, 716, 1382
146, 1013, 1305
948, 1935
1612, 1782
50, 163
373, 495
1127
913, 1844
620, 982, 1103
149, 1247, 1251
169
1902
701, 1654
381
12, 526, 1123, 1868
391, 1458
384
142, 989, 1442, 1511
588, 1437, 1532
1917
1738
629, 1511
33, 390
250, 383
24, 701, 1726
322, 450, 1900, 1962
394
50
0, 464, 563
234, 401, 1599
398
399, 1452, 1966
474, 903
397, 729
922
1544, 1756
1192, 1634
1602
675
1670
477
1442
1087
132, 705, 1741
938, 1134
530
1346
43, 201, 1381
1122, 1730
65, 417
332
134, 1044, 1592
651, 1466
882, 1295
486
1870
356
268, 330, 575
1850
427
497, 594, 1295, 1863
1263
1525
1111
599, 1050
987, 1279
14, 434
785, 1381
459, 1141, 1618
944
1674, 1928, 1945
1638
622
1648
1099
815, 967
484, 859, 1446, 1717
649, 799, 957, 1185, 1412
639, 1952
60, 743
61, 783, 1085
539, 1257, 1319
393, 1167
1918
1579
821, 1886
1075, 1633, 1723
455
959
457, 1871
458
436
722, 1273
878, 1093
546
809
74, 396
228, 577, 1483
2, 769
1304, 1368, 1531
835, 883, 1071
540, 747, 1137, 1339
1649, 1722
311, 874, 952, 1239
472, 1811
344
400
169, 889, 1738
141, 1566
408, 1611
629, 733
688
273, 859
318
1069
1609
294, 444
72, 1838
422, 662, 1011, 1026
1195
990, 1068
146
86, 958
806, 890, 1734
548, 1233, 1302
112, 1899, 1942
355, 494, 650
373, 1040, 1372, 1691
749
428
1800
227
1153, 1320, 1438, 1853
1038, 1744
1949
326, 1578
504
1672
506, 1149
136, 1454
14, 103, 1010, 1796
1376, 1838
1301
652, 842
512, 1102
789
1605
914
516, 1091
1513, 1981
1787
105, 519, 828
700, 1924
692, 1522, 1605
1537
523, 1300
259, 1410
1749, 1821
382
1174, 1571
942, 1429
768, 1177, 1820
124, 413, 826, 1467, 1882
621, 1940
712, 807
578, 1655
854
116
17, 929, 1482
537, 1265
1461
449, 1805
469, 1035
730
1147, 1244
543, 696, 1877
99, 329
545, 1936
462, 711, 1957
950, 1510
492, 730
151, 1054, 1297
44, 286, 1956
297, 1117, 1431, 1739
648, 772
1709
951, 1361
555, 1772
802, 1643
239, 557, 1142, 1893
204, 634
1792
612, 1693
561, 1007
809
127, 396, 1396
564, 1658
932, 1491
863, 1563, 1839
95, 716, 1514
186
23, 1261, 1378
193
1768
572, 1667
1977
835
425, 1039
1124
465, 732, 1110, 1625
533, 1876
946
580
837
226, 1738
78, 1526
847, 1106
154, 1723
1391
1589, 1725
386, 588, 991
589, 645
1296, 1972
591, 1556
1070, 1970
1786
428
269, 317, 619, 1638
1973
597, 750, 1109
1530, 1887
71, 432, 1904
124, 603, 1205
1694
1037, 1094, 1351
600, 689
667, 1143, 1460
643
953
127
836, 1000
609, 748, 1030
1879
1674
358, 560, 1918
784
1214
1643
341, 917, 1356, 1854
685
1297
595
376
531, 1054, 1236
440, 926, 992, 1080
1268
70
1251
1341
281, 627, 811, 1523
1060, 1911
389, 478
1401
665, 789
632, 654
797, 1402
323, 558, 1560
800, 1991
309, 1317
1803
1091
446, 1778
1131
152, 1116
1690
605, 1604
874, 1471
589, 1500
1517
1394, 1750
552, 838, 1807
445, 734
494, 1276
170, 420, 1469
43, 511, 1823
1442, 1558
632
27, 1058, 1239
212, 992, 1765
946
207
237, 659
831, 1162, 1540
209, 1588
486, 924
1172, 1650
944
328, 631, 1626
1350, 1714, 1979
337, 604
1067, 1983
669
364, 764, 799
888, 1063, 1139, 1310, 1570
1779
903
870
2, 29, 219, 406, 881
148, 1228
103, 717
1094
167, 1679
1605
1111
1385
129
1105
617, 1843
110, 1099, 1339
736
479, 923, 1597
366, 603, 1083, 1258, 1407
336, 1182
1585, 1922
521
782, 908, 1790
1935, 1939
1696
543, 1908
1039
1736
1186
520, 735, 1814, 1990
380, 392
1399
1300
704
102, 257, 411
77, 1016, 1561, 1701
1566
234
709
1731
47, 79, 546, 973
229, 532, 1779
724
1905, 1953
865, 1703
368, 567, 760, 1758
677, 727, 1340
1129
1042
289
244
460, 1525
723, 1563
213, 713
1955
1085
717, 1485
1940
348, 401, 1062
541, 548
241, 731, 1388
96, 577, 970, 1968
301, 478
649, 1380, 1388
700
687, 1861
972
313
947
1835
1153, 1528
786
447, 948, 1542, 1601
354, 1643
1213
746, 919, 1607
15, 469, 768, 905
609, 805, 1279
496, 1588, 1824
66, 597
946
1521
885, 1394
1413
135, 1532, 1801, 1833
286, 1938
1315
82, 332, 1721
1168
716, 1557
921
1172
1469
182, 670, 1955
69, 73
1298
767
529, 747
466, 1747, 1909
770, 1284
251, 1520, 1979
194, 552, 1397
1105, 1827
266
1315
800, 1919
846, 1019
1914
83, 1818
208, 1417
358, 943, 1247
693, 1732
448, 1977
613, 1408
435
742, 919, 1252
787, 992
844, 1845
57, 513, 631
1609, 1680, 1912
854, 1985
1296
182, 1857
133
206, 1413, 1632, 1929
140, 1700, 1789, 1804
20, 633, 1396
76, 1862
445, 670
635, 776
1027, 1518
556, 1018, 1539
803, 1287, 1926
804, 1697, 1713
748
252, 491
532, 942
1633
463, 562, 1163
817, 1498
627, 1888
1222, 1538
978
979
443, 1254, 1515
1409
810
295, 818
1117
26, 244, 820
453
308, 826
1824
217, 321, 1370
293, 1834
58, 530, 822, 1077, 1106, 1652
1535
519
1311, 1472
1836
660
1504, 1766
185, 266
834
468, 574
310, 608, 1383
581, 968
648, 1089, 1409
1546, 1793
840, 1014
918
511, 1269, 1752
1437
788, 1996
943
253, 777, 1839
584
99, 892, 1392, 1629
849, 1258
224, 1408, 1988
269, 851
1405
1099, 1798
534, 791, 1248
137, 1468, 1918
1281
938, 1060
1498
297, 444, 480, 1272, 1695
1352, 1506
1569, 1950
1895
286, 566
1289, 1737
715
175, 1988
1830
1467
869
674, 1524
1862
1726
189, 362, 936, 971, 1356
471, 644, 1322
200
1075, 1154, 1196
1434
461
11, 249, 1638
1014, 1221
675, 1098, 1576, 1942
178, 421, 882
63, 468
884
21, 753, 947
1043
1436, 1533, 1624, 1788
671, 1020
475
491
1709
848, 892
1914
16, 924, 1434
1363
1301, 1393
897
1074, 1539
1656
900, 1433, 1635, 1980
42
977
111, 400, 673, 1512, 1965
1091, 1808
747
1160, 1401, 1703
1223, 1666
693, 1117
1722
117, 1023
945
1600
375, 1784
515, 1108, 1362, 1808
111, 1535
1106
616
841, 918, 1331
746, 786, 1711
966, 1028, 1545
169, 761, 1669
222, 402, 1562
688
662, 894
197, 1550
622
927
1723
536, 1235
1409, 1566
1189
143, 565
1159, 1947
1986
315
873, 1604
937
412, 857, 1247
1087
1078
1350
528, 807, 1813
781, 845
437, 664, 1045, 1488
911, 979, 1913
579, 657, 751, 946, 1071
739, 885, 1685
370, 743, 1844
177, 1312, 1491
547, 1248, 1418
554, 1044, 1062
471
4, 606
42
1136
1204
445
490, 1994
7, 365, 456
960
245, 1900
1594
89, 335
1090
965
62, 920, 1242
235, 443, 1286
837, 968, 1229, 1866
184, 1451
121, 732, 978
873
737, 1487, 1969
711
296
1831
1212, 1381
129, 902, 1044
813, 970, 1789
814, 945
980
130, 1684
87, 118, 376
1214, 1543
81, 1825
985, 1527
72, 1476
433, 1393, 1958
988
385
488
588, 1105, 1145, 1201
622, 656, 787
359
1164, 1253
1933
1742, 1764
55, 309
1838
1302, 1597
608, 1687, 1974
22, 1149, 1965
300
1891, 1920
39, 337
1544, 1747, 1805
289, 1374, 1636
561
73, 1221
1009
508
486, 1228
274
369, 1778
144, 840, 880
1240, 1352, 1665
706
213
314, 802
777
888, 1718
1981
1381, 1564, 1843
910
18, 232
192
205, 486
801, 1652
920
300
609
345, 1079, 1596, 1964
1918
1550
1034
540
9, 1959
602, 1178
501
575, 697, 1311
367, 495
1041
719, 1567, 1982
886, 1778
28, 419, 951, 977
944
320
36
1495, 1508, 1919
1049, 1960
432
1793
93, 1454
175, 1744, 1881
549, 621, 1054, 1119, 1809
1333
1109
169
655
1434, 1444
628, 857
1560
729, 951
671, 1549
1759, 1904
1541
1306
668
488, 1415, 1570
482, 1116
592, 1271
468, 946
225, 1072
123, 1073
898
454, 876, 1129
183, 1180
339, 826
256, 257, 940, 1501
1031, 1092
622
1669, 1817
1669, 1925
689, 1682
1413, 1764
365, 448, 726, 1883
1628
298, 410, 939, 1951
1483
838
152, 325, 964
516, 638, 904, 1694
1079, 1113
461, 1355, 1686
602, 678, 1094
1726
219
1215
255, 881, 1712
442, 686, 853
1100, 1684
191, 1101
512, 1449
376, 1427
1449
684, 773, 991, 1118
584, 826, 916
1256
914
597, 1056
285, 577
431, 681, 1879, 1948
1206, 1556
131, 1092
1160, 1821, 1889
1491, 1571
641, 1069
551, 819, 908
1105
1054, 1950
71
1252
416, 1196
265, 382, 1509
576, 1124, 1493, 1690
261
1155
374, 1341
150
718, 1075
1954
191, 640
1570
140
412
1702, 1938
955, 1513
469, 1728
1600, 1905
671
259, 1492, 1736
436
187, 557
604
1581
991, 1672
1571, 1683
542
1726
506, 1001
1371
1151, 1403, 1967, 1993
62, 1152
500, 741
220, 876, 1456
48, 1126, 1375
302, 1301
279
162, 1426, 1535
933
3, 128, 906, 1114
1448, 1742
660, 1435, 1579
809, 1163, 1776
994
1803, 1870
1921
450
759, 1168
107
1170
1291, 1573
663, 762
196, 1764
527
170, 1786
168, 1326
529, 1598
1037, 1989
235, 1947
1076, 1180
1373, 1419
690
1183
1224, 1504
445
327, 699
203
1598
316, 931, 1561
1603, 1647
1704
404
359
1594
487, 1760
876, 1122, 1475
1942
18, 67, 1943
262, 1419
1700
991
1457
1543
956, 1204
600
1112
1553, 1910
122
131, 1622, 1771
1446
1386, 1595
176, 976, 1868
745, 1244, 1412
13, 331, 614, 983
292, 1097
1723
114, 1218
1217
98, 1450
1959
313, 880, 1008, 1614, 1688
812, 1626
907, 1853
1184
1241
1799
1227
676, 1011
968, 1994
1650, 1914
1787
192
492
1614, 1628
351, 929
621
1264
218
471, 655, 1369
1015, 1256
1225, 1241, 1336
966, 1750
1243, 1363
542, 1213
358
1246
377, 781, 938
854, 950, 1347
1856, 1930
184
377, 625, 1645
786, 1121
994, 1842
124, 815, 1815
1742
1107, 1240
449, 1964
689, 849
230
289, 1898
569
1890
65, 429
258, 1237, 1416, 1770
537
1322, 1468, 1524, 1995
1602, 1647
222, 250, 623
842
260
1070
290, 859
6, 343, 460
119
171, 1275, 1777
650
244, 1631
1335
433, 748
1280
856, 1452
214
1657, 1732
770
1285
967
803
1353
864, 1632
92
1171
306, 1762
1293
1772
421, 428
234, 590, 792
549, 618
766, 1298, 1416, 1595, 1709
275, 1884, 1981
523, 703, 1428
510, 896, 1156
492, 999
358
467, 1304
369, 1345
261, 1066, 1946
1568, 1845
1994
1334
671
320, 829, 1039, 1463, 1608
949, 1590
191
1630
757, 775, 1463
1499
636
174
449
64, 500
1532, 1678
874, 1266, 1327
283
67, 1987
1902
1176, 1499
1322
1359
88
98, 1781
918
1430
94, 1055, 1523
1309, 1334, 1643
1278, 1335
1241
1482, 1495
1338
469, 686
717
626, 1127, 1341, 1903
348, 1944
1343
1407
1305, 1760
414, 1890
288, 1248
1575, 1576
1583
666, 941, 1462
602, 1998
45, 860, 1015
1288, 1702
1354
1093, 1355, 1931
616, 873, 1715
1723
1613
1328, 1359
1360
554
181, 914, 1627
895, 1243, 1594
1364
1365, 1650
129, 303, 1800
35, 1522, 1716
467
1239
824, 1502, 1576, 1943
252, 1150
495
1181, 1698
1006, 1999
279, 1155, 1921
509, 1651
1796
186, 569, 1552
80, 255, 1634
236, 734
248, 415, 435, 976, 1022
368
836, 1913
1425
324, 682, 1640
1211
1494
731, 734, 1466
127
12
586, 1657
848
896, 987
647, 753
1429
563, 797, 1434
772
1913
702, 1572
1876
630, 906
633
1151
1661
206, 852
352, 1743
689, 1344
784, 850
816, 838, 930
270, 524
1468, 1793
445, 1213
754, 795, 1084
140, 254
1068
1264, 1298
780
950
1181, 1199
160
340
1422, 1860
34, 1971
1991
1384, 1450
1158
84, 179, 1103, 1706
1300
528, 1395
1332, 1430
551
365
900
138, 877, 894, 1059, 1396
1162
887, 1859, 1949
114, 386, 843, 1855
101, 500, 1581
1449
81, 1766
1767
385, 409, 653
233, 1443
1059, 1670, 1742
1669
444, 1210
1842
1161
1102, 1104, 1439
155, 1219, 1425, 1677, 1727
969, 1584
399, 1281
265
507, 1052, 1834
346, 358
1154, 1786
1202, 1619
383
1718, 1729
604
131, 538, 1740
1350, 1530
1311, 1315, 1582, 1982
1817, 1906
1465
420, 1388
530, 868
855, 1266, 1411
651, 763
14, 1829
644, 1775
202, 829, 1562
13, 211, 1891
1813, 1852
1196
986, 1537
1481
133, 151, 1932
1538
79, 1565
1477, 1481
536, 1337
465, 1088
1553, 1974
88, 727
1582
972, 1731, 1896
944, 1845
198
1926
565, 949, 1115, 1983
1140
1124
1387, 1814
175, 1048, 1337
23
166
312, 810, 858, 1727
1316, 1326, 1586
645
1078, 1847
1370
1992
832, 1184
78
52, 860
1642, 1647
1048, 1508
246, 1123
547, 1876
385, 389
37, 903
517, 1136
342, 567, 1641
815
1722, 1992
349, 646, 1517
29, 801
1676
771
752, 1754, 1916
521, 1367
627, 1333
870, 1266
430, 722
583, 1878
985
741
1559, 1954
51, 598, 1462
467, 1842
337, 386, 755, 1321
887
1740
827, 915, 1158
334, 1536
522, 1476
812, 1479
277, 802, 898
660, 1937
261, 1065
743
983, 1203
403, 1005
920
839
30
58
292, 1063
925, 1033
1618
315, 1378, 1552
1207, 1484
192
1555, 1710
591, 1112
760
653, 1934
260, 1529
634, 1061, 1812
706, 1189
267, 922, 1472
566, 723
215, 1022
1480
476, 707, 930
1042
1307
861
343, 671, 1068, 1132
527, 1115, 1146, 1630
1399, 1591
1171, 1723
267
76, 1348
881, 1348, 1370, 1646
1687
503
452, 1162, 1660
1926
184, 1144, 1438, 1648
1463, 1486
1349, 1583, 1644
1451
691, 1706
1499, 1676
161, 208, 1786
661, 749
587
321, 1312
1572, 1844
419
1593
962, 1194, 1363
194, 1211, 1298, 1754
1031
688, 999, 1816
94, 1177, 1188
397
912, 1138
743
405, 1267
1190
643, 936
514, 521, 680
1606
746
1311, 1608
483, 790
305, 1610
268, 477
371
336, 1358, 1642
1221, 1234, 1732
287
19, 143
327
38, 283, 436, 1551
1457, 1817
210, 1791
1976
1209, 1928
139
887
577
665, 1222
1362
1086, 1234
848
1314, 1571
1277
304, 795, 1289
454, 808
404, 1379
900
1006
1637
439, 595, 879
1639
1385
1514
1507, 1613
556, 615, 744, 1334
1583
1251
223, 1576
1190, 1267, 1507
441, 1581
56, 470
190, 663, 1230, 1365, 1875
1376
826, 1027
46, 163, 165
280, 380, 1808
533, 1668
64, 899, 1746
1283, 1391, 1941
564
1824
278, 1579
2, 1404
1757
1663
1664
38, 1015
907
572, 1824, 1830
1655
921, 1081, 1082, 1445
407, 1444
1671
505, 1145
1673
438, 611
198
1519, 1586
1450
1321, 1819
679
790
1938
1083, 1997
1146
981, 1100
947
1093
1000, 1577, 1713
1221
1708
642, 1124
495
1821
359, 560
266, 601, 1091, 1933
859
327, 695
804
1373, 1767
1985
796, 1200
116, 347, 706
1135, 1353
715, 906
179, 1191
80
1427, 1585
1927
66, 142, 1689
553, 891, 1298
1555
919
1098, 1915
242, 804, 1687
666
1356
1367, 1716
444
1020, 1459
1852
77
758
470, 909, 1516, 1783
454, 585, 928, 1216, 1357, 1573
255
587, 1725
392, 872, 1095, 1148
1450, 1498
1137
1459
416
710, 1487, 1904
782, 1283, 1614
1880
491
214, 286
32, 698, 1140
864
388, 475, 582
551
90, 1461, 1534
411
996, 1161, 1255, 1444
221, 1406, 1743, 1748
501, 1053
70
109, 1656
769, 1005, 1844
1743
1, 525
647, 1242
1907
842
240, 1793
1521, 1595
1755
403
1662, 1757
716
1064
1195, 1345
35
1292, 1762
173, 1869
156, 996, 1084, 1173
656, 1851
832, 1440
229, 276, 1441, 1698
83, 301, 571
1998
153, 1264
1209
555, 1294, 1897
1773, 1858
1961
30, 1471
1163
1275
639, 1013, 1043, 1905
672, 712
1780
247, 1330
160, 288, 371
10, 211, 1722
216, 913
244
593, 1175, 1456, 1587
200, 518, 1231
887
294, 796, 978
693, 1902
361, 1620
559, 1828
839, 1051, 1411, 1753
1837, 1969
361
163, 508, 1377
266
853
250, 1226
120, 498, 1366
755
180, 363
637, 1165
796
539, 1005
1806
648
904, 914, 1654
79, 1054
1838
472
1560, 1812
942, 1474, 1891
700, 1494
1254
329, 1597
1081, 1464, 1619, 1891
252, 779
1678
529
525, 1114, 1692
73
652
749, 823, 1659, 1667
984
236
357, 773
270, 1792, 1869
1470, 1831
867, 1667
975, 1829
1832
755
825, 1454
185, 740
830, 1881
1794
485, 509, 998, 1810, 1943
566, 846
1840
1951
1253, 1447, 1531
685, 1022
375, 948, 1591, 1747
88, 788, 1307, 1488
202
287, 1501
300, 1969
1849
232, 426
1765
1474, 1719
500, 1223
616
1437
75, 94, 1249
793
1773
318, 1436
1422
736, 1947
798, 871, 1890
428
165
258
271, 968
0
382, 1212
327, 1763, 1828
296, 423, 1165, 1931
457
53, 1973
269
1874
52, 1650
578, 1400, 1510
543
1526
610, 1111, 1879
197, 1733
1053, 1836
530
1085
1299
30
453, 1907, 1909
598
811
1114
1262, 1346, 1862
291, 1003, 1473, 1813, 1817
1892
557
1997
62, 862
1487
1772
1260, 1902
493
337, 393, 961
147, 1940
379, 1325, 1790, 1898
1341
599, 1064, 1731
714, 1138, 1778
1464
1751, 1886
696
769, 1886
1207
628
319, 790, 1912
945, 1383, 1398
778, 893, 1230
1712, 1917
164, 230, 1521
387, 1915
59, 350, 451, 612, 855, 1032
776, 1048
1003
1166, 1375
5, 691
99
520
1082
803, 1490, 1580
162, 1707
438, 1622
67, 795
1249
1355, 1870
68, 1478
995, 1694
1558
370, 694
545
360, 1540
756, 1135, 1681
694
531, 728, 1901
1657
493, 881, 1197
1198, 1370, 1838
1342
438
299, 1306
933, 1179, 1861
1111
318, 502, 1436
861, 1119
159, 1087, 1841
446
714
1130, 1529
725, 764
550
546
987
1036, 1220
49, 356, 1049
1774, 1961
393
1963
1031, 1257
903, 1001
399
1151
732
972, 1794, 1848
338, 592
1423
590
596, 1872
1000, 1484
1975
1621, 1976
573, 783
87
666, 771
900
262, 517, 1021, 1299
1042, 1463
668, 1491
123
791, 1699
246, 934, 1986
1324
850, 866
139, 1178
161, 700
635, 1424
1503, 1516
1151
958, 1229, 1308
1266
844
1682, 1894
1351, 1769
1374